2000.000000 19.879419
1998.000000 14.359669
1996.000000 15.334378
1994.000000 19.851954
1992.000000 20.344488
1990.000000 23.660813
1988.000000 8.820356
1986.000000 6.122341
1984.000000 7.347691
1982.000000 4.024536
1980.000000 5.290356
1978.000000 13.244032
1976.000000 14.886706
1974.000000 18.759360
1972.000000 11.974334
1970.000000 11.082934
1968.000000 16.508349
1966.000000 19.537785
1964.000000 8.358230
1962.000000 13.071074
1960.000000 18.162137
1958.000000 18.074256
1956.000000 21.336028
1954.000000 26.141414
1952.000000 19.697266
1950.000000 13.468853
1948.000000 15.850847
1946.000000 20.486607
1944.000000 27.626683
1942.000000 19.406714
1940.000000 11.080062
1938.000000 13.814443
1936.000000 19.073112
1934.000000 19.196865
1932.000000 20.534311
1930.000000 25.035100
1928.000000 24.705187
1926.000000 23.249885
1924.000000 23.585564
1922.000000 20.713296
1920.000000 13.387940
1918.000000 8.949361
1916.000000 8.400065
1914.000000 19.037369
1912.000000 24.495257
1910.000000 22.989013
1908.000000 22.837724
1906.000000 22.195502
1904.000000 23.289670
1902.000000 22.078181
1900.000000 20.375448
1898.000000 18.407718
1896.000000 15.342323
1894.000000 16.651669
1892.000000 17.218086
1890.000000 22.223663
1888.000000 21.915029
1886.000000 17.174659
1884.000000 13.935712
1882.000000 19.787493
1880.000000 25.733607
1878.000000 25.054849
1876.000000 16.863311
1874.000000 14.715890
1872.000000 25.598481
1870.000000 27.659762
1868.000000 22.836770
1866.000000 16.072637
1864.000000 14.353677
1862.000000 12.903069
1860.000000 13.206045
1858.000000 17.965896
1856.000000 23.159040
1854.000000 24.685072
1852.000000 22.093983
1850.000000 22.890148
1848.000000 15.909343
1846.000000 22.940905
1844.000000 23.480177
1842.000000 17.465020
1840.000000 20.108799
1838.000000 19.611814
1836.000000 19.107041
1834.000000 16.554489
1832.000000 18.826285
1830.000000 22.323944
1828.000000 20.591395
1826.000000 18.897264
1824.000000 21.274997
1822.000000 16.900881
1820.000000 10.148884
1818.000000 18.445849
1816.000000 21.759188
1814.000000 22.775015
1812.000000 30.751351
1810.000000 30.080637
1808.000000 29.667436
1806.000000 34.351250
1804.000000 30.056107
1802.000000 18.359591
1800.000000 25.086671
1798.000000 28.069584
1796.000000 30.370095
1794.000000 38.066464
1792.000000 34.202174
1790.000000 25.322539
1788.000000 37.437657
1786.000000 40.654065
1784.000000 30.655318
1782.000000 25.276229
1780.000000 27.994888
1778.000000 27.189142
1776.000000 20.432969
1774.000000 31.383630
1772.000000 42.472340
1770.000000 50.189911
1768.000000 49.956182
1766.000000 46.167392
1764.000000 41.173208
1762.000000 51.282895
1760.000000 69.223387
1758.000000 69.646228
1756.000000 66.749026
1754.000000 70.777906
1752.000000 80.265474
1750.000000 87.367041
1748.000000 90.996409
1746.000000 84.989012
1744.000000 73.261165
1742.000000 83.016834
1740.000000 85.855190
1738.000000 89.194251
1736.000000 102.704227
1734.000000 109.623169
1732.000000 111.237359
1730.000000 144.485820
1728.000000 173.164779
1726.000000 192.643081
1724.000000 235.611267
1722.000000 263.307215
1720.000000 345.293380
1718.000000 425.313326
1716.000000 472.202114
1714.000000 564.940983
1712.000000 663.263248
1710.000000 708.782192
1708.000000 675.216267
1706.000000 521.184615
1704.000000 360.216229
1702.000000 246.449953
1700.000000 186.976473
1698.000000 147.161731
1696.000000 119.893921
1694.000000 102.988392
1692.000000 79.887584
1690.000000 70.316097
1688.000000 69.442154
1686.000000 68.647440
1684.000000 64.601810
1682.000000 60.751407
1680.000000 62.625335
1678.000000 61.082477
1676.000000 54.485330
1674.000000 41.339923
1672.000000 34.208100
1670.000000 33.858522
1668.000000 32.739739
1666.000000 39.954435
1664.000000 37.659197
1662.000000 40.286967
1660.000000 31.318992
1658.000000 33.536394
1656.000000 34.784206
1654.000000 34.888933
1652.000000 32.389651
1650.000000 34.068741
1648.000000 30.380309
1646.000000 30.804373
1644.000000 27.402170
1642.000000 29.621017
1640.000000 35.017619
1638.000000 38.803389
1636.000000 37.994589
1634.000000 40.042859
1632.000000 35.421937
1630.000000 34.986094
1628.000000 32.249844
1626.000000 37.764087
1624.000000 37.973801
1622.000000 36.871195
1620.000000 32.292433
1618.000000 30.182595
1616.000000 37.286828
1614.000000 33.468326
1612.000000 31.664511
1610.000000 34.947715
1608.000000 37.968578
1606.000000 39.008352
1604.000000 42.794300
1602.000000 47.585005
1600.000000 54.694217
1598.000000 57.928387
1596.000000 51.483091
1594.000000 47.701855
1592.000000 54.963352
1590.000000 60.752791
1588.000000 61.634172
1586.000000 61.293347
1584.000000 64.091632
1582.000000 65.714534
1580.000000 63.901946
1578.000000 68.874039
1576.000000 73.504277
1574.000000 73.218454
1572.000000 74.024198
1570.000000 80.030501
1568.000000 79.532082
1566.000000 80.606773
1564.000000 79.495418
1562.000000 78.580935
1560.000000 75.471509
1558.000000 75.400347
1556.000000 77.879033
1554.000000 77.760360
1552.000000 78.642516
1550.000000 80.610023
1548.000000 90.642180
1546.000000 94.395547
1544.000000 88.836853
1542.000000 93.654021
1540.000000 95.858727
1538.000000 93.656859
1536.000000 95.914734
1534.000000 99.793410
1532.000000 97.523650
1530.000000 97.984726
1528.000000 96.255166
1526.000000 101.419207
1524.000000 105.134838
1522.000000 112.017344
1520.000000 107.641353
1518.000000 109.256189
1516.000000 115.224305
1514.000000 110.452084
1512.000000 109.512008
1510.000000 111.145496
1508.000000 112.621661
1506.000000 113.137302
1504.000000 116.315357
1502.000000 115.249100
1500.000000 116.497523
1498.000000 117.424358
1496.000000 125.793044
1494.000000 133.659709
1492.000000 138.856252
1490.000000 144.802970
1488.000000 151.068796
1486.000000 162.282065
1484.000000 160.631237
1482.000000 159.054307
1480.000000 157.300609
1478.000000 178.221642
1476.000000 198.680273
1474.000000 214.871054
1472.000000 223.736066
1470.000000 226.507301
1468.000000 238.645677
1466.000000 257.180745
1464.000000 277.999884
1462.000000 301.771865
1460.000000 313.010401
1458.000000 326.621485
1456.000000 351.765603
1454.000000 379.729523
1452.000000 421.078908
1450.000000 438.673765
1448.000000 487.912102
1446.000000 522.252052
1444.000000 571.717885
1442.000000 614.788643
1440.000000 652.960773
1438.000000 676.059902
1436.000000 726.206688
1434.000000 730.195606
1432.000000 728.506287
1430.000000 738.462673
1428.000000 746.367945
1426.000000 743.162593
1424.000000 713.388387
1422.000000 688.597134
1420.000000 656.439629
1418.000000 646.087863
1416.000000 585.836880
1414.000000 535.618871
1412.000000 485.395200
1410.000000 433.361320
1408.000000 412.973048
1406.000000 385.008702
1404.000000 349.799976
1402.000000 322.113583
1400.000000 298.086532
1398.000000 287.313394
1396.000000 287.165380
1394.000000 260.515821
1392.000000 246.963996
1390.000000 233.832661
1388.000000 229.263305
1386.000000 228.368069
1384.000000 224.564035
1382.000000 215.588494
1380.000000 218.826887
1378.000000 207.231525
1376.000000 191.870471
1374.000000 186.932701
1372.000000 187.397332
1370.000000 184.563313
1368.000000 180.269562
1366.000000 184.649819
1364.000000 191.203221
1362.000000 209.614390
1360.000000 212.275047
1358.000000 222.354025
1356.000000 219.830631
1354.000000 206.042830
1352.000000 189.339923
1350.000000 177.689404
1348.000000 154.844801
1346.000000 137.925868
1344.000000 128.219316
1342.000000 122.290128
1340.000000 112.754139
1338.000000 106.539226
1336.000000 99.095083
1334.000000 88.117243
1332.000000 88.015073
1330.000000 88.592230
1328.000000 87.744638
1326.000000 80.569316
1324.000000 78.003923
1322.000000 74.967432
1320.000000 70.479976
1318.000000 79.601995
1316.000000 79.945567
1314.000000 72.319515
1312.000000 67.951375
1310.000000 65.715401
1308.000000 65.631388
1306.000000 65.352639
1304.000000 66.236457
1302.000000 58.997060
1300.000000 49.310445
1298.000000 51.525752
1296.000000 51.816324
1294.000000 52.321248
1292.000000 50.130074
1290.000000 51.205034
1288.000000 56.139965
1286.000000 53.013374
1284.000000 49.019986
1282.000000 48.012820
1280.000000 45.832993
1278.000000 46.476392
1276.000000 48.374580
1274.000000 51.794491
1272.000000 52.402742
1270.000000 52.880756
1268.000000 54.547184
1266.000000 55.541529
1264.000000 56.484703
1262.000000 58.954113
1260.000000 60.858053
1258.000000 55.633259
1256.000000 53.460194
1254.000000 60.712844
1252.000000 66.857137
1250.000000 71.997247
1248.000000 79.780329
1246.000000 83.366670
1244.000000 87.451187
1242.000000 90.601439
1240.000000 102.496619
1238.000000 119.206313
1236.000000 139.342375
1234.000000 148.744253
1232.000000 171.986382
1230.000000 237.376511
1228.000000 274.029782
1226.000000 327.238339
1224.000000 355.704199
1222.000000 348.008787
1220.000000 321.919395
1218.000000 283.417784
1216.000000 246.073421
1214.000000 210.144946
1212.000000 162.308999
1210.000000 132.046992
1208.000000 114.308133
1206.000000 99.501177
1204.000000 96.612118
1202.000000 93.537487
1200.000000 84.115684
1198.000000 77.096760
1196.000000 71.750352
1194.000000 58.884129
1192.000000 55.504668
1190.000000 52.595449
1188.000000 49.497914
1186.000000 52.253189
1184.000000 50.938063
1182.000000 41.281511
1180.000000 38.137268
1178.000000 38.719919
1176.000000 37.632536
1174.000000 35.047594
1172.000000 36.016101
1170.000000 34.368683
1168.000000 32.315967
1166.000000 35.116149
1164.000000 28.669089
1162.000000 27.167182
1160.000000 29.039426
1158.000000 29.792235
1156.000000 29.672435
1154.000000 29.722893
1152.000000 28.902207
1150.000000 29.086935
1148.000000 24.519854
1146.000000 26.847895
1144.000000 25.813571
1142.000000 26.919541
1140.000000 23.808364
1138.000000 20.922243
1136.000000 20.107572
1134.000000 25.005096
1132.000000 30.258248
1130.000000 33.561760
1128.000000 31.604046
1126.000000 26.764946
1124.000000 26.791869
1122.000000 26.446245
1120.000000 32.461916
1118.000000 37.443523
1116.000000 37.132462
1114.000000 35.919861
1112.000000 38.701929
1110.000000 44.668944
1108.000000 43.466262
1106.000000 46.115002
1104.000000 49.992737
1102.000000 54.701294
1100.000000 65.194460
1098.000000 63.360083
1096.000000 70.126758
1094.000000 65.639642
1092.000000 70.072612
1090.000000 72.954804
1088.000000 82.570802
1086.000000 91.643936
1084.000000 104.730254
1082.000000 117.492823
1080.000000 126.267495
1078.000000 158.842982
1076.000000 191.476357
1074.000000 248.266740
1072.000000 331.164293
1070.000000 396.414445
1068.000000 460.339311
1066.000000 450.702611
1064.000000 378.213499
1062.000000 326.818167
1060.000000 260.747018
1058.000000 224.020505
1056.000000 179.360787
1054.000000 142.559636
1052.000000 123.074925
1050.000000 106.319836
1048.000000 97.016544
1046.000000 86.680410
1044.000000 67.234716
1042.000000 58.538088
1040.000000 53.991291
1038.000000 50.263397
1036.000000 52.062778
1034.000000 52.031460
1032.000000 51.554792
1030.000000 45.669886
1028.000000 42.964781
1026.000000 46.305840
1024.000000 50.822397
1022.000000 50.433815
1020.000000 45.951577
1018.000000 43.099665
1016.000000 45.005503
1014.000000 48.175159
1012.000000 50.421088
1010.000000 49.123043
1008.000000 44.810727
1006.000000 40.965052
1004.000000 36.988327
1002.000000 38.698640
1000.000000 43.992496
998.000000 45.029865
996.000000 44.319778
994.000000 47.608998
992.000000 48.417985
990.000000 50.649090
988.000000 50.218918
986.000000 51.947627
984.000000 50.184992
982.000000 54.840923
980.000000 63.863646
978.000000 62.299739
976.000000 59.062948
974.000000 55.620743
972.000000 51.914423
970.000000 48.212325
968.000000 48.812208
966.000000 51.694744
964.000000 49.507277
962.000000 53.065014
960.000000 53.223078
958.000000 53.634475
956.000000 53.403147
954.000000 55.960989
952.000000 54.496830
950.000000 56.375660
948.000000 56.521709
946.000000 57.124695
944.000000 64.951080
942.000000 76.075462
940.000000 77.072358
938.000000 82.644981
936.000000 85.582844
934.000000 85.863298
932.000000 89.046751
930.000000 96.149300
928.000000 97.408468
926.000000 102.157203
924.000000 108.504674
922.000000 113.984752
920.000000 120.455462
918.000000 132.352618
916.000000 132.137741
914.000000 143.910000
912.000000 147.613489
910.000000 170.752840
908.000000 171.240809
906.000000 162.216836
904.000000 160.599562
902.000000 158.567005
900.000000 160.862231
898.000000 148.826585
896.000000 140.105350
894.000000 140.806587
892.000000 128.628175
890.000000 125.146829
888.000000 128.469060
886.000000 112.774278
884.000000 99.098308
882.000000 101.027573
880.000000 103.871161
878.000000 105.328866
876.000000 105.370262
874.000000 100.290311
872.000000 96.936533
870.000000 100.678983
868.000000 96.684665
866.000000 87.681321
864.000000 83.976302
862.000000 85.644488
860.000000 86.023620
858.000000 86.432426
856.000000 75.461193
854.000000 74.026213
852.000000 88.923874
850.000000 97.744920
848.000000 95.486904
846.000000 90.112572
844.000000 92.845625
842.000000 93.764157
840.000000 89.297022
838.000000 89.773942
836.000000 104.384447
834.000000 103.067458
832.000000 109.441929
830.000000 113.299732
828.000000 103.196310
826.000000 108.496007
824.000000 127.840990
822.000000 132.686226
820.000000 148.122660
818.000000 164.407135
816.000000 176.985048
814.000000 191.476790
812.000000 223.835590
810.000000 249.018467
808.000000 269.021232
806.000000 318.553006
804.000000 414.544580
802.000000 491.640610
800.000000 677.676475
798.000000 889.309500
796.000000 1288.469235
794.000000 1958.896797
792.000000 2920.053676
790.000000 3719.246659
788.000000 3913.768262
786.000000 3573.557792
784.000000 2688.002652
782.000000 2060.972300
780.000000 1431.879269
778.000000 1068.873901
776.000000 805.524642
774.000000 576.080240
772.000000 463.210816
770.000000 356.901368
768.000000 292.166585
766.000000 241.492810
764.000000 205.732377
762.000000 179.270238
760.000000 154.509693
758.000000 126.097490
756.000000 103.137719
754.000000 86.584382
752.000000 84.175912
750.000000 84.833191
748.000000 82.073289
746.000000 70.476021
744.000000 69.601791
742.000000 68.627349
740.000000 53.283478
738.000000 43.375841
736.000000 45.675622
734.000000 43.613255
732.000000 42.062594
730.000000 36.052794
728.000000 35.500890
726.000000 33.696069
724.000000 35.307781
722.000000 31.932412
720.000000 27.053272
718.000000 26.584852
716.000000 25.212446
714.000000 27.740289
712.000000 31.228400
710.000000 29.329797
708.000000 22.484738
706.000000 21.724509
704.000000 19.296685
702.000000 13.973643
700.000000 9.583767
698.000000 12.439480
696.000000 22.591039
694.000000 27.315241
692.000000 26.418149
690.000000 25.733748
688.000000 22.792059
686.000000 22.140696
684.000000 21.043909
682.000000 21.000914
680.000000 18.909333
678.000000 19.275550
676.000000 22.218310
674.000000 23.485155
672.000000 21.477627
670.000000 19.466532
668.000000 20.798258
666.000000 24.557543
664.000000 23.219020
662.000000 16.896125
660.000000 14.877833
658.000000 15.694862
656.000000 17.470996
654.000000 14.389154
652.000000 14.110565
650.000000 13.920992
648.000000 18.500859
646.000000 19.354988
644.000000 15.183811
642.000000 15.563033
640.000000 17.811448
638.000000 18.476660
636.000000 18.967786
634.000000 19.689498
632.000000 19.987658
630.000000 23.718452
628.000000 27.762223
626.000000 28.318772
624.000000 24.986552
622.000000 26.746111
620.000000 31.963664
618.000000 34.685936
616.000000 28.258803
614.000000 26.957809
612.000000 27.493703
610.000000 27.937151
608.000000 27.774378
606.000000 34.196574
604.000000 39.712281
602.000000 39.976027
600.000000 37.151104
